3.2 1 -1 125

9.13 2 -1 125
10.14 1 -1 125
11.15 2 -1 125

17.00 0 -1 125
18.00 1 -1 125
19.00 2 -1 125

26.05 0 1 125
26.20 1 1 125
27.05 2 1 125
27.20 1 1 125

31.20 0 1 300
31.50 0 1 300
31.80 0 1 300
32.00 1 -1 300
32.30 1 -1 300
32.60 1 -1 300

35.16 0 -1 200
36.17 1 -1 200
37.18 2 -1 200

39.21 0 1 200
40.22 1 1 200
41.23 2 1 200

42.26 0 -1 200
42.27 2 -1 200
43.27 1 -1 200
44.28 2 -1 200
44.29 0 -1 200

46.34 2 1 400
46.35 0 1 400
46.44 2 1 400
46.45 0 1 400
46.54 2 1 400
46.55 0 1 400
46.64 2 1 400
46.65 0 1 400
46.84 2 1 400
46.85 0 1 400
47.04 2 1 380
47.05 0 1 380
47.20 2 1 350
47.21 0 1 350

49.57 0 1 55

52.57 2 1 55

54.05 2 -1 500
54.16 1 -1 500

55.10 0 1 500
55.20 1 1 500

60.17 2 1 150
60.43 1 1 150
60.68 2 1 150
61.18 0 1 150
61.44 1 1 150
61.69 0 1 150
62.19 2 1 150
62.46 1 1 150
62.71 2 1 150

67.07 1 1 220
67.08 2 1 220
68.07 0 1 220
68.08 2 1 220
69.07 0 1 220
69.08 1 1 220

71.05 2 -1 220
71.06 1 -1 220
72.05 0 1 220
72.06 1 1 220
73.05 1 1 220
73.06 1 -1 220



75.12 0 -1 200



76.12 0 -1 200
76.52 1 -1 600

78.00 2 1 75

79.14 0 1 200



80.14 0 1 200
80.54 1 1 600

82.00 2 1 75

83.22 1 -1 200



84.22 1 -1 200
85.22 1 -1 200

86.00 2 1 75

87.25 1 1 200



88.25 1 -1 200
89.25 1 1 200

90.00 2 1 75

91.30 1 1 100



92.30 1 1 100
93.30 1 1 100

94.00 2 1 75
